#Layer_Color=16711935
#
#Feature symbol names
#
$0 r7.874

#
#Feature attribute names
#

#
#Layer features
#
L 1.765232 4.489682 1.765232 4.590318 0 P 0
L 1.765232 4.489682 1.934768 4.489682 0 P 0
L 1.765232 4.590318 1.934768 4.590318 0 P 0
L 1.864204 4.313888 1.864204 4.356112 0 P 0
L 1.864204 4.313888 1.945796 4.313888 0 P 0
L 1.864204 4.356112 1.945796 4.356112 0 P 0
L 1.934768 4.489682 1.934768 4.590318 0 P 0
L 1.943888 4.824204 1.943888 4.905796 0 P 0
L 1.943888 4.824204 1.986112 4.824204 0 P 0
L 1.943888 4.905796 1.986112 4.905796 0 P 0
L 1.945796 4.313888 1.945796 4.356112 0 P 0
L 1.986112 4.824204 1.986112 4.905796 0 P 0
L 2.043888 4.824204 2.043888 4.905796 0 P 0
L 2.043888 4.824204 2.086112 4.824204 0 P 0
L 2.043888 4.905796 2.086112 4.905796 0 P 0
L 2.0692032 3.203888 2.0692032 3.246112 0 P 0
L 2.0692032 3.203888 2.1507972 3.203888 0 P 0
L 2.0692032 3.246112 2.1507972 3.246112 0 P 0
L 2.086112 4.824204 2.086112 4.905796 0 P 0
L 2.1507972 3.203888 2.1507972 3.246112 0 P 0
L 2.153888 4.824204 2.153888 4.905796 0 P 0
L 2.153888 4.824204 2.196112 4.824204 0 P 0
L 2.153888 4.905796 2.196112 4.905796 0 P 0
L 2.196112 4.824204 2.196112 4.905796 0 P 0
L 2.204682 3.175232 2.204682 3.344768 0 P 0
L 2.204682 3.175232 2.305318 3.175232 0 P 0
L 2.204682 3.344768 2.305318 3.344768 0 P 0
L 2.288888 4.820362 2.288888 4.901956 0 P 0
L 2.288888 4.820362 2.331112 4.820362 0 P 0
L 2.288888 4.901956 2.331112 4.901956 0 P 0
L 2.293044 2.993888 2.293044 3.036112 0 P 0
L 2.293044 2.993888 2.374638 2.993888 0 P 0
L 2.293044 3.036112 2.374638 3.036112 0 P 0
L 2.305318 3.175232 2.305318 3.344768 0 P 0
L 2.331112 4.820362 2.331112 4.901956 0 P 0
L 2.374638 2.993888 2.374638 3.036112 0 P 0
L 2.878044 4.163888 2.878044 4.206112 0 P 0
L 2.878044 4.163888 2.959638 4.163888 0 P 0
L 2.878044 4.206112 2.959638 4.206112 0 P 0
L 2.916014 4.490236 2.916014 4.519764 0 P 0
L 2.916014 4.490236 2.973986 4.490236 0 P 0
L 2.916014 4.519764 2.973986 4.519764 0 P 0
L 2.959638 4.163888 2.959638 4.206112 0 P 0
L 2.973986 4.490236 2.973986 4.519764 0 P 0
L 3.1792031 3.988888 3.1792031 4.031112 0 P 0
L 3.1792031 3.988888 3.2607971 3.988888 0 P 0
L 3.1792031 4.031112 3.2607971 4.031112 0 P 0
L 3.2607971 3.988888 3.2607971 4.031112 0 P 0
L 3.534204 4.328888 3.534204 4.371112 0 P 0
L 3.534204 4.328888 3.615796 4.328888 0 P 0
L 3.534204 4.371112 3.615796 4.371112 0 P 0
L 3.615796 4.328888 3.615796 4.371112 0 P 0
L 3.650196 4.308662 3.650196 4.391338 0 P 0
L 3.650196 4.308662 3.799804 4.308662 0 P 0
L 3.650196 4.391338 3.799804 4.391338 0 P 0
L 3.799804 4.308662 3.799804 4.391338 0 P 0
L 3.8442031 4.328888 3.8442031 4.371112 0 P 0
L 3.8442031 4.328888 3.9257971 4.328888 0 P 0
L 3.8442031 4.371112 3.9257971 4.371112 0 P 0
L 3.9257971 4.328888 3.9257971 4.371112 0 P 0
