#Layer_Color=16711935
#
#Feature symbol names
#
$0 r7.874
$1 r3.937
$2 r11.811
$3 r5
$4 r1.9685

#
#Feature attribute names
#

#
#Layer features
#
A 1.873622 4.4228347 1.873622 4.4228347 1.853937 4.4228347 1 P 0 N
A 2.1189771 4.0999993 2.1189771 4.0999993 2.1150401 4.0999993 0 P 0 N
A 2.1686614 4.7885039 2.1686614 4.7885039 2.1647244 4.7885039 2 P 0 N
A 2.2225197 2.848937 2.2225197 2.848937 2.2028347 2.848937 1 P 0 N
A 2.4919291 4.1014173 2.4919291 4.1014173 2.4879921 4.1014173 0 P 0 N
A 3.2719291 4.0514173 3.2719291 4.0514173 3.2679921 4.0514173 0 P 0 N
L 1.020004 4.665556 1.020004 4.984452 1 P 0
L 1.020004 4.665556 1.420004 4.665556 1 P 0
L 1.020004 4.984452 1.420004 4.984452 1 P 0
L 1.020788 4.371574 1.020788 4.568426 3 P 0
L 1.020788 4.371574 1.709764 4.371574 3 P 0
L 1.020788 4.568426 1.709764 4.568426 3 P 0
L 1.090984 4.603818 1.090984 4.706182 1 P 0
L 1.090984 4.603818 1.339016 4.603818 1 P 0
L 1.090984 4.706182 1.339016 4.706182 1 P 0
L 1.339016 4.603818 1.339016 4.706182 1 P 0
L 1.420004 4.665556 1.420004 4.984452 1 P 0
L 1.420004 4.939692 1.425068 4.939692 1 P 0
L 1.420004 4.955988 1.425068 4.955988 1 P 0
L 1.425068 4.939692 1.432086 4.93378 1 P 0
L 1.425068 4.955988 1.432086 4.96189 1 P 0
L 1.432092 4.933788 1.442444 4.933788 1 P 0
L 1.432096 4.96189 1.442442 4.96189 1 P 0
L 1.442438 4.933788 1.442442 4.93379 1 P 0
L 1.442442 4.93379 1.442442 4.96189 1 P 0
L 1.475004 4.660556 1.475004 4.979452 1 P 0
L 1.475004 4.660556 1.875004 4.660556 1 P 0
L 1.475004 4.979452 1.875004 4.979452 1 P 0
L 1.709764 4.371574 1.709764 4.568426 3 P 0
L 1.753544 4.374606 1.753544 4.575394 4 P 0
L 1.753544 4.374606 1.946456 4.374606 4 P 0
L 1.753544 4.575394 1.946456 4.575394 4 P 0
L 1.790944 4.385434 1.790944 4.564566 1 P 0
L 1.790944 4.385434 1.891338 4.385434 1 P 0
L 1.790944 4.564566 1.891338 4.564566 1 P 0
L 1.821456 4.475 1.860826 4.475 1 P 0
L 1.82811 5.002086 1.961968 5.002086 3 P 0
L 1.841142 4.455316 1.841142 4.494686 1 P 0
L 1.875004 4.660556 1.875004 4.979452 1 P 0
L 1.875004 4.934692 1.880068 4.934692 1 P 0
L 1.875004 4.950988 1.880068 4.950988 1 P 0
L 1.880068 4.934692 1.887086 4.92878 1 P 0
L 1.880068 4.950988 1.887086 4.95689 1 P 0
L 1.887092 4.928788 1.897444 4.928788 1 P 0
L 1.887096 4.95689 1.897442 4.95689 1 P 0
L 1.891338 4.385434 1.891338 4.564566 1 P 0
L 1.897438 4.928788 1.897442 4.92879 1 P 0
L 1.897442 4.92879 1.897442 4.95689 1 P 0
L 1.946456 4.374606 1.946456 4.575394 4 P 0
L 1.961968 4.830826 1.961968 5.002086 3 P 0
L 1.961968 4.830826 2.257244 4.830826 3 P 0
L 1.961968 5.002086 1.961968 5.0537 3 P 0
L 1.961968 5.002086 2.257244 5.002086 3 P 0
L 1.961968 5.0537 2.257244 5.0537 3 P 0
L 2.154606 2.748544 2.154606 2.941456 4 P 0
L 2.154606 2.748544 2.355394 2.748544 4 P 0
L 2.154606 2.941456 2.355394 2.941456 4 P 0
L 2.165434 2.785944 2.165434 2.886338 1 P 0
L 2.165434 2.785944 2.344566 2.785944 1 P 0
L 2.165434 2.886338 2.344566 2.886338 1 P 0
L 2.183938 4.070472 2.183938 4.306692 3 P 0
L 2.183938 4.070472 2.420158 4.070472 3 P 0
L 2.183938 4.306692 2.420158 4.306692 3 P 0
L 2.235316 2.836142 2.274686 2.836142 1 P 0
L 2.255 2.816456 2.255 2.855826 1 P 0
L 2.257244 4.830826 2.257244 5.002086 3 P 0
L 2.257244 5.002086 2.257244 5.0537 3 P 0
L 2.344566 2.785944 2.344566 2.886338 1 P 0
L 2.355394 2.748544 2.355394 2.941456 4 P 0
L 2.420158 4.070472 2.420158 4.306692 3 P 0
L 2.542284 4.841536 2.542284 4.908464 1 P 0
L 2.542284 4.841536 2.577716 4.841536 1 P 0
L 2.542284 4.908464 2.577716 4.908464 1 P 0
L 2.55689 4.07189 2.55689 4.30811 3 P 0
L 2.55689 4.07189 2.79311 4.07189 3 P 0
L 2.55689 4.30811 2.79311 4.30811 3 P 0
L 2.577716 4.841536 2.577716 4.908464 1 P 0
L 2.6643298 3.919174 2.6643298 3.940826 1 P 0
L 2.6643298 3.919174 2.7056698 3.919174 1 P 0
L 2.6643298 3.940826 2.7056698 3.940826 1 P 0
L 2.6643302 3.989174 2.6643302 4.010826 1 P 0
L 2.6643302 3.989174 2.7056702 3.989174 1 P 0
L 2.6643302 4.010826 2.7056702 4.010826 1 P 0
L 2.7056698 3.919174 2.7056698 3.940826 1 P 0
L 2.7056702 3.989174 2.7056702 4.010826 1 P 0
L 2.79311 4.07189 2.79311 4.30811 3 P 0
L 2.81933 4.494174 2.81933 4.515826 1 P 0
L 2.81933 4.494174 2.86067 4.494174 1 P 0
L 2.81933 4.515826 2.86067 4.515826 1 P 0
L 2.86067 4.494174 2.86067 4.515826 1 P 0
L 2.90433 4.429174 2.90433 4.450826 1 P 0
L 2.90433 4.429174 2.94567 4.429174 1 P 0
L 2.90433 4.450826 2.94567 4.450826 1 P 0
L 2.94567 4.429174 2.94567 4.450826 1 P 0
L 3.33689 4.02189 3.33689 4.25811 3 P 0
L 3.33689 4.02189 3.57311 4.02189 3 P 0
L 3.33689 4.25811 3.57311 4.25811 3 P 0
L 3.536536 4.337284 3.536536 4.372716 1 P 0
L 3.536536 4.337284 3.603464 4.337284 1 P 0
L 3.536536 4.372716 3.603464 4.372716 1 P 0
L 3.57311 4.02189 3.57311 4.25811 3 P 0
L 3.603464 4.337284 3.603464 4.372716 1 P 0
L 3.856536 4.332284 3.856536 4.367716 1 P 0
L 3.856536 4.332284 3.923464 4.332284 1 P 0
L 3.856536 4.367716 3.923464 4.367716 1 P 0
L 3.923464 4.332284 3.923464 4.367716 1 P 0
