#Layer_Color=32896
#
#Feature symbol names
#
$0 r3.937
$1 r1.9685

#
#Feature attribute names
#

#
#Layer features
#
L 1.019488 3.73693 1.019488 4.307796 0 P 0
L 1.019488 3.73693 1.330512 3.73693 0 P 0
L 1.019488 4.307796 1.330512 4.307796 0 P 0
L 1.330512 3.73693 1.330512 4.307796 0 P 0
L 1.353464 3.628464 1.353464 4.356812 0 P 0
L 1.353464 3.628464 2.101496 3.628464 0 P 0
L 1.353464 4.356812 2.101496 4.356812 0 P 0
L 2.101496 3.628464 2.101496 4.356812 0 P 0
L 2.29004 4.42685 2.29004 4.642598 1 P 0
L 2.29004 4.42685 2.71996 4.42685 1 P 0
L 2.29004 4.642598 2.71996 4.642598 1 P 0
L 2.296496 4.703464 2.296496 5.029252 0 P 0
L 2.296496 4.703464 2.733504 4.703464 0 P 0
L 2.296496 5.029252 2.733504 5.029252 0 P 0
L 2.297402 3.079922 2.297402 3.120078 1 P 0
L 2.297402 3.079922 2.372598 3.079922 1 P 0
L 2.297402 3.120078 2.372598 3.120078 1 P 0
L 2.372598 3.079922 2.372598 3.120078 1 P 0
L 2.389922 4.832402 2.389922 4.907598 1 P 0
L 2.389922 4.832402 2.430078 4.832402 1 P 0
L 2.389922 4.907598 2.430078 4.907598 1 P 0
L 2.417992 2.909686 2.417992 3.370316 1 P 0
L 2.417992 2.909686 2.792008 2.909686 1 P 0
L 2.417992 3.370316 2.792008 3.370316 1 P 0
L 2.430078 4.832402 2.430078 4.907598 1 P 0
L 2.703582 4.573032 2.703582 5.026968 0 P 0
L 2.703582 4.573032 2.999448 4.573032 0 P 0
L 2.703582 5.026968 2.999448 5.026968 0 P 0
L 2.71996 4.42685 2.71996 4.642598 1 P 0
L 2.733504 4.703464 2.733504 5.029252 0 P 0
L 2.792008 2.909686 2.792008 3.370316 1 P 0
L 2.882402 4.164922 2.882402 4.205078 1 P 0
L 2.882402 4.164922 2.957598 4.164922 1 P 0
L 2.882402 4.205078 2.957598 4.205078 1 P 0
L 2.957598 4.164922 2.957598 4.205078 1 P 0
L 2.999448 4.573032 2.999448 5.026968 0 P 0
L 3.197952 4.393542 3.197952 5.259684 0 P 0
L 3.197952 4.393542 4.052284 4.393542 0 P 0
L 3.197952 5.259684 4.052284 5.259684 0 P 0
L 4.052284 4.393542 4.052284 5.259684 0 P 0
