#Layer_Color=32768
#
#Feature symbol names
#
$0 r1.9685
$1 r3.937
$2 r7.874

#
#Feature attribute names
#

#
#Layer features
#
L 1.010944 4.361732 1.010944 4.578268 0 P 0
L 1.010944 4.361732 1.719606 4.361732 0 P 0
L 1.010944 4.578268 1.719606 4.578268 0 P 0
L 1.016066 4.661616 1.016066 4.988388 0 P 0
L 1.016066 4.661616 1.446374 4.661616 0 P 0
L 1.016066 4.988388 1.446374 4.988388 0 P 0
L 1.058858 3.7763 1.058858 4.268426 1 P 0
L 1.058858 3.7763 1.291142 3.7763 1 P 0
L 1.058858 4.268426 1.291142 4.268426 1 P 0
L 1.067362 4.592008 1.067362 4.717992 0 P 0
L 1.067362 4.592008 1.362638 4.592008 0 P 0
L 1.067362 4.717992 1.362638 4.717992 0 P 0
L 1.195316 4.655 1.234686 4.655 1 P 0
L 1.200316 4.825 1.239686 4.825 1 P 0
L 1.215 4.635314 1.215 4.674686 1 P 0
L 1.22 4.805316 1.22 4.844686 1 P 0
L 1.291142 3.7763 1.291142 4.268426 1 P 0
L 1.362638 4.592008 1.362638 4.717992 0 P 0
L 1.392834 3.667834 1.392834 4.297756 2 P 0
L 1.392834 3.667834 2.062126 3.667834 2 P 0
L 1.392834 4.297756 2.062126 4.297756 2 P 0
L 1.446374 4.661616 1.446374 4.988388 0 P 0
L 1.471066 4.656616 1.471066 4.983388 0 P 0
L 1.471066 4.656616 1.901374 4.656616 0 P 0
L 1.471066 4.983388 1.901374 4.983388 0 P 0
L 1.655316 4.82 1.694686 4.82 1 P 0
L 1.675 4.800316 1.675 4.839686 1 P 0
L 1.719606 4.361732 1.719606 4.578268 0 P 0
L 1.901374 4.656616 1.901374 4.983388 0 P 0
L 1.914724 4.803268 1.914724 5.063544 0 P 0
L 1.914724 4.803268 2.304488 4.803268 0 P 0
L 1.914724 5.063544 2.304488 5.063544 0 P 0
L 2.062126 3.667834 2.062126 4.297756 2 P 0
L 2.134568 4.060472 2.134568 4.316692 0 P 0
L 2.134568 4.060472 2.469528 4.060472 0 P 0
L 2.134568 4.316692 2.469528 4.316692 0 P 0
L 2.299882 4.436692 2.299882 4.632756 1 P 0
L 2.299882 4.436692 2.710118 4.436692 1 P 0
L 2.299882 4.572914 2.359724 4.632756 1 P 0
L 2.299882 4.632756 2.710118 4.632756 1 P 0
L 2.304488 4.803268 2.304488 5.063544 0 P 0
L 2.315316 3.090158 2.315316 3.109842 1 P 0
L 2.315316 3.090158 2.354686 3.090158 1 P 0
L 2.315316 3.109842 2.354686 3.109842 1 P 0
L 2.335866 4.850118 2.335866 4.989882 1 P 0
L 2.335866 4.850118 2.694134 4.850118 1 P 0
L 2.335866 4.989882 2.694134 4.989882 1 P 0
L 2.354686 3.090158 2.354686 3.109842 1 P 0
L 2.400158 4.850316 2.400158 4.889686 1 P 0
L 2.400158 4.850316 2.419842 4.850316 1 P 0
L 2.400158 4.889686 2.419842 4.889686 1 P 0
L 2.419842 4.850316 2.419842 4.889686 1 P 0
L 2.441614 3.058308 2.441614 3.303386 1 P 0
L 2.441614 3.058308 2.523308 2.976614 1 P 0
L 2.441614 3.303386 2.768386 3.303386 1 P 0
L 2.469528 4.060472 2.469528 4.316692 0 P 0
L 2.50752 4.06189 2.50752 4.31811 0 P 0
L 2.50752 4.06189 2.84248 4.06189 0 P 0
L 2.50752 4.31811 2.84248 4.31811 0 P 0
L 2.523308 2.976614 2.686692 2.976614 1 P 0
L 2.538346 4.833662 2.538346 4.916338 0 P 0
L 2.538346 4.833662 2.581654 4.833662 0 P 0
L 2.538346 4.916338 2.581654 4.916338 0 P 0
L 2.542284 4.875 2.577716 4.875 1 P 0
L 2.56 4.857284 2.56 4.892716 1 P 0
L 2.581654 4.833662 2.581654 4.916338 0 P 0
L 2.6554718 3.914252 2.6554718 3.945748 0 P 0
L 2.6554718 3.914252 2.7145278 3.914252 0 P 0
L 2.6554718 3.945748 2.7145278 3.945748 0 P 0
L 2.6554722 3.984252 2.6554722 4.015748 0 P 0
L 2.6554722 3.984252 2.7145282 3.984252 0 P 0
L 2.6554722 4.015748 2.7145282 4.015748 0 P 0
L 2.6741738 3.93 2.6958278 3.93 1 P 0
L 2.6741742 4 2.6958262 4 1 P 0
L 2.6849998 3.919174 2.6849998 3.940826 1 P 0
L 2.6850002 3.989174 2.6850002 4.010826 1 P 0
L 2.686692 2.976614 2.768386 3.058308 1 P 0
L 2.694134 4.850118 2.694134 4.989882 1 P 0
L 2.710118 4.436692 2.710118 4.632756 1 P 0
L 2.7145278 3.914252 2.7145278 3.945748 0 P 0
L 2.7145282 3.984252 2.7145282 4.015748 0 P 0
L 2.768386 3.058308 2.768386 3.303386 1 P 0
L 2.769922 4.612402 2.769922 4.987598 2 P 0
L 2.769922 4.612402 2.960078 4.612402 2 P 0
L 2.769922 4.987598 2.960078 4.987598 2 P 0
L 2.810472 4.489252 2.810472 4.520748 0 P 0
L 2.810472 4.489252 2.869528 4.489252 0 P 0
L 2.810472 4.520748 2.869528 4.520748 0 P 0
L 2.829174 4.505 2.850826 4.505 1 P 0
L 2.84 4.494174 2.84 4.515826 1 P 0
L 2.84248 4.06189 2.84248 4.31811 0 P 0
L 2.869528 4.489252 2.869528 4.520748 0 P 0
L 2.881694 4.416378 2.881694 4.463622 0 P 0
L 2.881694 4.416378 2.968308 4.416378 0 P 0
L 2.881694 4.463622 2.968308 4.463622 0 P 0
L 2.900316 4.175158 2.900316 4.194842 1 P 0
L 2.900316 4.175158 2.939686 4.175158 1 P 0
L 2.900316 4.194842 2.939686 4.194842 1 P 0
L 2.914174 4.44 2.935826 4.44 1 P 0
L 2.925 4.429174 2.925 4.450826 1 P 0
L 2.939686 4.175158 2.939686 4.194842 1 P 0
L 2.960078 4.612402 2.960078 4.987598 2 P 0
L 2.968308 4.416378 2.968308 4.463622 0 P 0
L 3.284566 4.432912 3.284566 5.220314 1 P 0
L 3.284566 4.432912 3.993228 4.432912 1 P 0
L 3.284566 5.220314 3.993228 5.220314 1 P 0
L 3.28752 4.01189 3.28752 4.26811 0 P 0
L 3.28752 4.01189 3.62248 4.01189 0 P 0
L 3.28752 4.26811 3.62248 4.26811 0 P 0
L 3.526692 4.333346 3.526692 4.376654 0 P 0
L 3.526692 4.333346 3.613308 4.333346 0 P 0
L 3.526692 4.376654 3.613308 4.376654 0 P 0
L 3.552284 4.355 3.587716 4.355 1 P 0
L 3.57 4.337284 3.57 4.372716 1 P 0
L 3.613308 4.333346 3.613308 4.376654 0 P 0
L 3.62248 4.01189 3.62248 4.26811 0 P 0
L 3.846692 4.328346 3.846692 4.371654 0 P 0
L 3.846692 4.328346 3.933308 4.328346 0 P 0
L 3.846692 4.371654 3.933308 4.371654 0 P 0
L 3.872284 4.35 3.907716 4.35 1 P 0
L 3.89 4.332284 3.89 4.367716 1 P 0
L 3.933308 4.328346 3.933308 4.371654 0 P 0
L 3.993228 4.432912 3.993228 5.220314 1 P 0
