#Layer_Color=32896
#
#Feature symbol names
#
$0 r3.937

#
#Feature attribute names
#

#
#Layer features
#
L 1.830316 4.54 1.869686 4.54 0 P 0
L 1.85 4.520316 1.85 4.559686 0 P 0
L 1.885314 4.335 1.924684 4.335 0 P 0
L 1.905 4.315314 1.905 4.354684 0 P 0
L 1.945316 4.865 1.984686 4.865 0 P 0
L 1.965 4.845316 1.965 4.884686 0 P 0
L 2.045316 4.865 2.084686 4.865 0 P 0
L 2.065 4.845316 2.065 4.884686 0 P 0
L 2.0903152 3.225 2.1296852 3.225 0 P 0
L 2.1099992 3.205316 2.1099992 3.244686 0 P 0
L 2.155316 4.865 2.194686 4.865 0 P 0
L 2.175 4.845316 2.175 4.884686 0 P 0
L 2.235316 3.26 2.274686 3.26 0 P 0
L 2.255 3.240316 2.255 3.279686 0 P 0
L 2.290316 4.86116 2.329686 4.86116 0 P 0
L 2.31 4.841474 2.31 4.880844 0 P 0
L 2.314156 3.015 2.353526 3.015 0 P 0
L 2.333842 2.995316 2.333842 3.034686 0 P 0
L 2.899156 4.185 2.938526 4.185 0 P 0
L 2.91884 4.165314 2.91884 4.204684 0 P 0
L 2.925314 4.505 2.964684 4.505 0 P 0
L 2.925314 4.505 2.964684 4.505 0 P 0
L 2.945 4.485314 2.945 4.524684 0 P 0
L 2.945 4.485314 2.945 4.524684 0 P 0
L 3.2003151 4.01 3.2396851 4.01 0 P 0
L 3.2199991 3.990314 3.2199991 4.029684 0 P 0
L 3.555316 4.35 3.594686 4.35 0 P 0
L 3.575 4.330316 3.575 4.369686 0 P 0
L 3.705316 4.35 3.744686 4.35 0 P 0
L 3.725 4.330316 3.725 4.369686 0 P 0
L 3.8653151 4.35 3.9046851 4.35 0 P 0
L 3.8849991 4.330316 3.8849991 4.369686 0 P 0
