#Layer_Color=32768
#
#Feature symbol names
#
$0 r7.874

#
#Feature attribute names
#

#
#Layer features
#
L 1.81063 4.515394 1.81063 4.564606 0 P 0
L 1.81063 4.515394 1.88937 4.515394 0 P 0
L 1.81063 4.564606 1.88937 4.564606 0 P 0
L 1.885314 4.325158 1.885314 4.344842 0 P 0
L 1.885314 4.325158 1.924684 4.325158 0 P 0
L 1.885314 4.344842 1.924684 4.344842 0 P 0
L 1.88937 4.515394 1.88937 4.564606 0 P 0
L 1.924684 4.325158 1.924684 4.344842 0 P 0
L 1.955158 4.845316 1.955158 4.884686 0 P 0
L 1.955158 4.845316 1.974842 4.845316 0 P 0
L 1.955158 4.884686 1.974842 4.884686 0 P 0
L 1.974842 4.845316 1.974842 4.884686 0 P 0
L 2.055158 4.845316 2.055158 4.884686 0 P 0
L 2.055158 4.845316 2.074842 4.845316 0 P 0
L 2.055158 4.884686 2.074842 4.884686 0 P 0
L 2.074842 4.845316 2.074842 4.884686 0 P 0
L 2.0903152 3.215158 2.0903152 3.234842 0 P 0
L 2.0903152 3.215158 2.1296852 3.215158 0 P 0
L 2.0903152 3.234842 2.1296852 3.234842 0 P 0
L 2.1296852 3.215158 2.1296852 3.234842 0 P 0
L 2.165158 4.845316 2.165158 4.884686 0 P 0
L 2.165158 4.845316 2.184842 4.845316 0 P 0
L 2.165158 4.884686 2.184842 4.884686 0 P 0
L 2.184842 4.845316 2.184842 4.884686 0 P 0
L 2.230394 3.22063 2.230394 3.29937 0 P 0
L 2.230394 3.22063 2.279606 3.22063 0 P 0
L 2.230394 3.29937 2.279606 3.29937 0 P 0
L 2.279606 3.22063 2.279606 3.29937 0 P 0
L 2.300158 4.841474 2.300158 4.880844 0 P 0
L 2.300158 4.841474 2.319842 4.841474 0 P 0
L 2.300158 4.880844 2.319842 4.880844 0 P 0
L 2.314156 3.005158 2.314156 3.024842 0 P 0
L 2.314156 3.005158 2.353526 3.005158 0 P 0
L 2.314156 3.024842 2.353526 3.024842 0 P 0
L 2.319842 4.841474 2.319842 4.880844 0 P 0
L 2.353526 3.005158 2.353526 3.024842 0 P 0
L 2.899156 4.175158 2.899156 4.194842 0 P 0
L 2.899156 4.175158 2.938526 4.175158 0 P 0
L 2.899156 4.194842 2.938526 4.194842 0 P 0
L 2.925314 4.495158 2.925314 4.514842 0 P 0
L 2.925314 4.495158 2.964684 4.495158 0 P 0
L 2.925314 4.514842 2.964684 4.514842 0 P 0
L 2.938526 4.175158 2.938526 4.194842 0 P 0
L 2.964684 4.495158 2.964684 4.514842 0 P 0
L 3.2003151 4.000158 3.2003151 4.019842 0 P 0
L 3.2003151 4.000158 3.2396851 4.000158 0 P 0
L 3.2003151 4.019842 3.2396851 4.019842 0 P 0
L 3.2396851 4.000158 3.2396851 4.019842 0 P 0
L 3.555316 4.340158 3.555316 4.359842 0 P 0
L 3.555316 4.340158 3.594686 4.340158 0 P 0
L 3.555316 4.359842 3.594686 4.359842 0 P 0
L 3.594686 4.340158 3.594686 4.359842 0 P 0
L 3.66004 4.318504 3.66004 4.381496 0 P 0
L 3.66004 4.318504 3.78996 4.318504 0 P 0
L 3.66004 4.381496 3.78996 4.381496 0 P 0
L 3.78996 4.318504 3.78996 4.381496 0 P 0
L 3.8653151 4.340158 3.8653151 4.359842 0 P 0
L 3.8653151 4.340158 3.9046851 4.340158 0 P 0
L 3.8653151 4.359842 3.9046851 4.359842 0 P 0
L 3.9046851 4.340158 3.9046851 4.359842 0 P 0
